> rs; lein run
(0 1 2 3 4 5 6 7 8 9)
(0 1 2 3 4 5 6 7 8 9 10 11)
(0 1 2 3 4 5 6 7 8 9 10)
(0 1 2 3 4 5 6 7 8 9 10 11)
(0 1 2 3 4)
(0 1 2 3 4 5 6 7 8 9 10 11)
(0 1 2 3 4 5)
(0 1 2 3 4 5 6 7 8 9 10)
(0 1 2 3 4 5 6)
(0 1 2 3 4 5 6 7 8 9 10)
total: 97

  10:  (0 1 2 3 4 5 6 7 8 9)
  12:  (0 1 2 3 4 5 6 7 8 9 10 11)
  11:  (0 1 2 3 4 5 6 7 8 9 10)
  12:  (0 1 2 3 4 5 6 7 8 9 10 11)
   5:  (0 1 2 3 4)
  12:  (0 1 2 3 4 5 6 7 8 9 10 11)
   6:  (0 1 2 3 4 5)
  11:  (0 1 2 3 4 5 6 7 8 9 10)
   7:  (0 1 2 3 4 5 6)
  11:  (0 1 2 3 4 5 6 7 8 9 10)
total: 97
