user> (clojure.walk/prewalk #(do (println %)
                                 (if (= % 1) [10] %))
                            [[1 2 3 [1 2]] [1 2]])
[[1 2 3 [1 2]] [1 2]]
[1 2 3 [1 2]]
1
10 ;; goes deeper
2
3
[1 2]
1
10 ;; and here
2
[1 2]
1
10 ;; and here
2
[[[10] 2 3 [[10] 2]] [[10] 2]]

user> (clojure.walk/postwalk #(do (println %)
                                  (if (= % 1) [10] %))
                             [[1 2 3 [1 2]] [1 2]])
1
2
3
1
2
[[10] 2]
[[10] 2 3 [[10] 2]]
1
2
[[10] 2]
[[[10] 2 3 [[10] 2]] [[10] 2]]
[[[10] 2 3 [[10] 2]] [[10] 2]]
