(for [_ (range 10)]
  (times 10 (Thread/yield)))
=>
([32674 1539 1068 1063 1027 1026 1025 1031 1034 1035]
 [1335 1048 1030 1036 1043 1037 1036 1031 1034 1047]
 [1088 1043 1029 1035 1045 1035 1036 1035 1045 1047]
 [1051 1037 1032 1031 1048 1045 1039 1045 1042 1037]
 [1054 1048 1032 1036 1046 1029 1038 1038 1039 1051]
 [1050 1051 1039 1037 1038 1035 1030 1030 1045 1031]
 [1054 1045 1034 1034 1045 1037 1037 1035 1046 1044]
 [1051 1041 1032 1050 1061 1039 1045 1041 1057 1034]
 [1052 1042 1034 1032 1035 1045 1043 1038 1052 1052]
 [1053 1053 1041 1043 1053 1044 1039 1042 1051 1038])
