(dotimes [x 10]
  (.println System/out (times 10 (Thread/yield))))
=> nil
[33521 1733 1232 1161 1150 1135 1151 1138 1143 1144]
[1724 1205 1149 1152 1141 1149 1149 1150 1139 1145]
[1368 1156 1141 1139 1147 1149 1141 1147 1141 1149]
[1306 1159 1150 1141 1150 1148 1147 1142 1144 1149]
[1329 1161 1155 1144 1140 1155 1151 1149 1149 1140]
[1319 1154 1140 1143 1147 1154 1156 1149 1148 1145]
[1291 1166 1164 1149 1140 1150 1140 1152 1141 1139]
[4482 1194 1148 1150 1137 1165 1163 1154 1149 1152]
[1333 1184 1162 1163 1138 1149 1150 1151 1137 1145]
[1318 1150 1144 1150 1151 1147 1138 1147 1143 1149]
