+----------+--------+-----------+---------+
|SERVICE_ID|EVENT_ID|RANGE_START|RANGE_END|
+----------+--------+-----------+---------+
|1235      |1111    |1          |4        |
|1235      |2221    |4          |7        |
|1235      |2227    |7          |7        |
+----------+--------+-----------+---------+

+----------+-------+--------+----+-----------+
|SERVICE_ID|COUNTER|EVENT_ID|FLAG|first_value|
+----------+-------+--------+----+-----------+
|1235      |1      |1111    |1   |0          |
|1235      |2      |1112    |0   |1111       |
|1235      |3      |1114    |0   |1111       |
|1235      |4      |2221    |1   |0          |
|1235      |5      |2225    |0   |2221       |
|1235      |6      |2226    |0   |2221       |
|1235      |7      |2227    |1   |0          |
+----------+-------+--------+----+-----------+
