+----------+-------+--------+----+-----------+----------+
|SERVICE_ID|COUNTER|EVENT_ID|FLAG|first_value|last_value|
+----------+-------+--------+----+-----------+----------+
|      1235|      1|    1111|   1|          0|      2221|
|      1235|      2|    1112|   0|       1111|      2221|
|      1235|      3|    1114|   0|       1111|      2221|
|      1235|      4|    2221|   1|          0|      2227|
|      1235|      5|    2225|   0|       2221|      2227|
|      1235|      6|    2226|   0|       2221|      2227|
|      1235|      7|    2227|   1|          0|         0|
+----------+-------+--------+----+-----------+----------+
