+---+---+---------+-------+-------+
|  x|  y|count-x-y|count-x|count-y|
+---+---+---------+-------+-------+
|  0| MK|        1|     17|      1|
|  0| MX|        1|     17|      1|
|  1| EE|        1|      3|      1|
|  0| CN|        1|     17|      1|
|  1| RU|        1|      3|      2|
|  0| RU|        1|     17|      2|
|  0| CL|        1|     17|      1|
|  0| ES|        1|     17|      1|
|  0| KR|        1|     17|      1|
|  0| US|        2|     17|      2|
|  1| FR|        1|      3|      2|
|  0| FR|        1|     17|      2|
|  0| TN|        2|     17|      2|
|  0| IT|        1|     17|      1|
|  0| SE|        1|     17|      1|
|  0| DO|        1|     17|      1|
|  0| JP|        1|     17|      1|
|  0| KW|        1|     17|      1|
+---+---+---------+-------+-------+
