import numpy as np

a = np.array([[1.0,1.0,1.0,1.0,0.0,0.0,0.0],
    [1.0, 1.0, 0.0, 1.0, 0.0,0.0,0.0 ],
    [1.0, 1.0, 1.0, 1.0, 1.0,1.0,1.0 ],
    [1.0, 0.0, 0.0, 0.0, 1.0 ,1.0,1.0 ],
    [1.0, 0.0, 0.0, 0.0, 1.0, 0.0,1.0 ],
    [1.0, 0.0, 0.0, 0.0, 0.0, 0.0,0.0 ]])
b=np.array([[0.0 ,0.0                  ,0.0                  ],
    [0.0 ,-0.053430398509053074 ,0.021149859549078387 ],
    [0.0 ,-0.010785871994186721, 0.04942555653681449  ],
    [0.0 , 0.04849323245519227 ,-0.0393881161667335   ],
    [0.0 ,-0.03871752673999099 , 0.05228579488821056  ],
    [0.0 , 0.07935206375269452 , 0.06511344235965408  ],
    [0.0 ,-0.02462677123918247  ,1.723607966539059E-4 ]])
print a.dot(b)
