val mysteriousTestCases = List(
  (List(1), List(1)),
  (List(1,2), List(2)),
  (List(1,2,3), List(1, 2)),
  (List(1,2,3,4), List(1, 2, 1)),
  (List(1,2,3,4,5), List(2, 1, 2)),
  (List(1,2,3,4,5,6), List(1, 2, 1, 2)),
  (List(1,2,3,4,5,6,7), List(1, 2, 1, 2, 1)),
  (List(1,2,3,4,5,6,7,8), List(2, 1, 2, 1, 2)),
  (List(1,2,3,4,5,6,7,8,9), List(1, 2, 1, 2, 1, 2)),
  (List(1,2,3,4,5,6,7,8,9,10), List(1, 2, 1, 2, 1, 2, 1)),
  (List(1,2,3,4,5,6,7,8,9,10,11), List(2, 1, 2, 1, 2, 1, 2)),
  (List(1,2,3,4,5,6,7,8,9,10,11,12), List(1, 2, 1, 2, 1, 2, 1, 2)),
  (List(1,2,3,4,5,6,7,8,9,10,11,12,13), List(1, 2, 1, 2, 1, 2, 1, 2, 1)),
  (List(1,2,3,4,5,6,7,8,9,10,11,12,13,14), List(2, 1, 2, 1, 2, 1, 2, 1, 2)),
  (List(1,2,3,4,5,6,7,8,9,10,11,12,13,14,15), List(1, 2, 1, 2, 1, 2, 1, 2, 1, 2)),
  (List(1,2,3,4,5,6,7,8,9,10,11,12,13,14,15,16), List(1, 2, 1, 2, 1, 2, 1, 2, 1, 2, 1)),
  (List(1,2,3,4,5,6,7,8,9,10,11,12,13,14,15,16,17), List(2, 1, 2, 1, 2, 1, 2, 1, 2, 1, 2))
)
