0.657666698284738
0.6576697465786885
0.6576697465786885
0.6576698865786884
0.6578786577658275
0.6578847978698485
0.658571858384738
0.6669827865826875
0.6765847269827377
0.676976698384738
0.677282738384698
0.6772827383847367
0.6772827383847367
0.677282738384738
0.677282738384738
0.6772827383847982
0.6776697769788476
0.6982786983847379
0.6986657871697675
0.7076798269786776
0.7076798269788476
0.7082657867698368
0.7082657867738368
0.7082696869827366
0.7082696869827366
0.7165668273697676
0.716979827169658
0.7169798271698486
0.716979827173658
0.716979827173658
0.716979827173658
0.7185737676698277
0.7269788273698486
0.7273766869716582
0.7465678185697674
0.746567818569769
0.746567818569769
0.7469657878698486
0.7479836980727379
0.7565847265827377
0.7565847269827377
0.7573776669827669
0.7765716865766978
0.7765826769767379
0.7765826769767379
0.7765827165826985
0.7765827165826985
0.7765827165826985
0.7765827165826985
0.7765827165827385
0.7765827165827385
0.7765827185698275
0.7773677269767378
0.827983657673787
0.8384698072657875
0.8472797765837379
0.8665766978847378
