0694 helper [2 3 7] 1 1 [2 2 2 2 2 2 2 3] [[2 2 2 2 2 2 2 2 2]] 3
4425 calling down 1 6 [2 2 2 2 2 2] 3
8511 helper [2 3 7] 1 3 [2 2 2 2 2 2 3] [[2 2 2 2 2 2 2 2 2]] 3
8511 calling down 1 3 [2 2 2 2 2 2 3] 3
8162 helper [2 3 7] 1 0 [2 2 2 2 2 2 3 3] [[2 2 2 2 2 2 2 2 2]] 3
8162 solution [2 2 2 2 2 2 3 3] [[2 2 2 2 2 2 2 2 2] [2 2 2 2 2 2 3 3]]
1318 calling down 1 8 [2 2 2 2 2] 3
5089 helper [2 3 7] 1 5 [2 2 2 2 2 3] [[2 2 2 2 2 2 2 2 2] [2 2 2 2 2 3 3 3]] 3
5089 calling down 1 5 [2 2 2 2 2 3] 3
4728 helper [2 3 7] 1 2 [2 2 2 2 2 3 3] [[2 2 2 2 2 2 2 2 2] [2 2 2 2 2 3 3 3]] 3
1318 calling down 2 8 [2 2 2 2 2] 7
3274 helper [2 3 7] 2 1 [2 2 2 2 2 7] [[2 2 2 2 2 2 2 2 2] [2 2 2 2 2 7 3 3]] 3
