3143813292,43.19,0.00,0.00,2.14,45.33
3143822158,43.19,0.00,0.00,2.14,45.33
3143859527,43.19,0.00,0.00,2.14,45.33
3143859537,48.69,0.00,0.00,2.57,51.26
2077733801,31.19,0.00,0.00,4.47,35.66
2077733803,36.69,0.00,0.00,5.17,41.86
2077733804,31.19,0.00,0.00,4.47,35.66
2077738969,35.81,0.00,0.00,4.04,39.85
2077738970,31.19,0.00,0.00,4.47,35.66
4843220448,53.19,0.00,0.00,7.96,61.15
4843220482,53.19,0.00,0.00,7.96,61.15
4843220483,53.19,0.00,0.00,7.96,61.15
4843220486,47.19,0.00,0.00,8.65,55.84
4843220489,47.19,0.00,0.00,8.65,55.84
6102753898,53.19,0.00,0.00,7.96,61.15
7239100683,46.69,2.63,0.00,6.33,55.65
7139100697,41.19,0.00,0.00,5.35,46.54
5202973721,0.00,0.00,-17.85,-1.29,-19.14
5202975004,32.19,0.00,0.00,3.65,35.84
5202975079,32.19,0.00,0.00,3.65,35.84
5202979889,0.00,0.00,-15.87,-1.60,-17.47
5202979893,0.00,0.00,-15.87,-1.60,-17.47
