2.5.0
              user     system      total        real
[0]       0.174766   0.000489   0.175255 (  0.180207)
[/^./]    0.318038   0.000510   0.318548 (  0.323679)
[/^\[/]   0.372645   0.001134   0.373779 (  0.379029)
sub+      0.460295   0.001510   0.461805 (  0.467279)
sub       0.498351   0.001534   0.499885 (  0.505729)
gsub      1.669837   0.005141   1.674978 (  1.682853)
[1..-1]   0.199840   0.000976   0.200816 (  0.205889)
slice     0.279661   0.000859   0.280520 (  0.285661)
length    0.268362   0.000310   0.268672 (  0.273829)
eat!      0.341715   0.000524   0.342239 (  0.347097)
reverse   0.335301   0.000588   0.335889 (  0.340965)
delete_p  0.222297   0.000832   0.223129 (  0.228455)
delete_p!  0.225798   0.000747   0.226545 (  0.231745)
