$ cat file1 
samplefolder_appendtext.txt [ 

1.23 34.2 12.4 5.34 56.3

12.2 24.1 1.42 21.4 1.24

42.1 12.4 12.4 56.5 2.53

1.24 4.64 2.23 1.42 1.42

1.45 12.4 45.2 12.4 35.2 ]

$ cat file2
1.12 34.1 12.4 53.1

12.3 12.4 45.2 23.2

12.4 34.1 34.5 56.3

12.2 34.2 12.3 34.2 

12.4 34.2 12.4 12.1

$ (head -2 file1; paste -d' ' <(sed '1,2d;s/ ]//g' file1) file2) | sed '$s/$/ ]/'
samplefolder_appendtext.txt [ 

1.23 34.2 12.4 5.34 56.3 1.12 34.1 12.4 53.1

12.2 24.1 1.42 21.4 1.24 12.3 12.4 45.2 23.2

42.1 12.4 12.4 56.5 2.53 12.4 34.1 34.5 56.3

1.24 4.64 2.23 1.42 1.42 12.2 34.2 12.3 34.2 

1.45 12.4 45.2 12.4 35.2 12.4 34.2 12.4 12.1 ]
