$ head file[123]_output
==> file1_output <==
X 9367 20211 36829.00 47705.001 7561 77761 37260.00 47706.00 48136.001
X 9367 21101 36829.00 47717.001 7771 79921 37260.00 47706.00 48148.001
X 9367 21201 36829.00 47729.001 7981 82081 37260.00 47706.00 48160.001
X 9367 22491 36829.00 47741.001 8191 84241 37260.00 47706.00 48172.001

==> file2_output <==
X 8367 40211 36829.00 47705.001 7561 77761 37260.00 47706.00 48136.001
X 8367 41101 36829.00 47717.001 7771 79921 37260.00 47706.00 48148.001
X 8367 41201 36829.00 47729.001 7981 82081 37260.00 47706.00 48160.001
X 8367 42491 36829.00 47741.001 8191 84241 37260.00 47706.00 48172.001

==> file3_output <==
X 7367 60211 36829.00 47705.001 7561 77761 37260.00 47706.00 48136.001
X 7367 61101 36829.00 47717.001 7771 79921 37260.00 47706.00 48148.001
X 7367 61201 36829.00 47729.001 7981 82081 37260.00 47706.00 48160.001
X 7367 62491 36829.00 47741.001 8191 84241 37260.00 47706.00 48172.001
