1: 1.0892 4.4110
33 17.46216
32 32.64771
34 112.64038

2: 9.6591 9.9243
33 116.30859
32 38.09204
34 117.57813

3: 1.6385 3.0847
33 45.08057
32 3.52173
34 145.28809

4: 7.0053 9.0564
33 24.13330
32 169.46411
34 92.74902

5: 9.9045 4.8688
33 130.81055
32 4.88892
34 54.73022

6: 0.1675 1.0004
33 11.64551
32 124.31641
34 186.35864

7: 5.5832 8.3316
33 113.65356
32 23.00415
34 85.02808

8: 5.2414 9.9789
33 37.54883
32 102.96021
34 30.73730

...

988: 1.9385 2.5787
33 40.78369
32 53.44849
34 185.05249

989: 2.5055 3.4680
33 86.19995
32 158.31909
34 34.89380

990: 2.1933 2.4203
33 197.74780
32 188.86108
34 14.01978

991: 4.7644 1.2238
33 88.16528
32 132.70264
34 24.19434

992: 8.9307 0.8044
33 139.25781
32 149.59106
34 19.18945

993: 4.4110 0.4428
33 80.05981
32 18.20068
34 95.30640

994: 2.4542 7.6740
33 80.09033
32 69.81812
34 25.07324

995: 9.3329 5.8911
33 82.72095
32 194.39697
34 95.65430

996: 0.8450 3.8217
33 32.95288
32 43.08472
34 18.46924

997: 2.0261 6.6580
33 68.61572
32 52.85645
34 136.04736

998: 2.7808 2.9456
33 54.71191
32 75.15869
34 15.55786

999: 0.6631 9.5544
33 161.90186
32 185.33325
34 61.21216

1000: 1.6800 5.0317
33 94.12842
32 188.36060
34 6.04248
