$ head file[12]
==> file1 <==
336843.75 2395106.25 36289 38580 660 660
336843.75 2395118.75 36290 38580 660 0
336843.75 2395131.25 36291 38580 661 1
336843.75 2395143.75 36292 38580 662 1
336843.75 2395156.25 36293 38580 662 0
336843.75 2395168.75 36294 38580 663 1
336843.75 2495381.25 44311 38580 665 2

==> file2 <==
336843.75 2495393.75 44312 38580 760 95
336843.75 2495406.25 44313 38580 761 1
336843.75 2495418.75 44314 38580 762 1
336843.75 2495431.25 44315 38580 764 2
336843.75 2495443.75 44316 38580 765 1
336993.75 2394956.25 36277 38592 765 0
336993.75 2394968.75 36278 38592 766 1
336993.75 2394981.25 36279 38592 770 4
