$ column -t file
73697695            1111111100110100211010101100000110100111
73697715            0100001010100022000020000000000200200000
73698148            0000000000200000000200220001100100010111
73698210            1111111211011012001011000001111000001110
73698229            1111111100110111110020101000000111210011
736985237658373533  0000000110100011101010000001100100100000
73698858            1111111210010011101010000001100100100111
73698887            2222222200020000202000000010001100110000
73699163            2222222200020100110110211100000100100100
7369929986423       2222222200020100110110211100000011110111
