$ awk 'NR==FNR {a[NR]=$1;next} 
       FNR>3   {sub($NF""$"",a[FNR-3])}1' file2 file1

# Off---=0.210
# Angle=-2.3
# Br    L1--    L2--    L3---
6     0.047   0.093   67.660
7     0.062   0.101   56.290
8     0.097   0.108   44.730
9     0.142   0.105   34.290
10    0.187   0.097   28.590
11    0.209   0.092   24.070
12    0.232   0.088   21.010
13    0.276   0.081   16.850
14    0.320   0.077   10.340
15    0.363   0.074   6.8600
16    0.385   0.073   5.2800
17    0.396   0.072   4.9800
18    0.407   0.071   4.6900
19    0.421   0.070   3.3000
20    0.428   0.070   2.1000
21    0.435   0.070   1.9100
