+------------+------+---------------+
| EmployeeID | Week | Num1and2Pairs |
+------------+------+---------------+
|     114    |   9  |       0       |
|     206    |   9  |       1       |
|     206    |  10  |       1       |
|     206    |  11  |       0       |
|     260    |   9  |       1       |
|     260    |  10  |       2       |
|     260    |  11  |       0       |
|     295    |  11  |       1       |
|     344    |   9  |       1       |
|     348    |   9  |       1       |
|     348    |  10  |       4       |
|     348    |  11  |       1       |
|     350    |   9  |       2       |
|     350    |  10  |       4       |
|     350    |  11  |       2       |
|     359    |   9  |       0       |
|     359    |  10  |       4       |
|     359    |  11  |       2       |
|     361    |   9  |      10       |
+------------+------+---------------+
