+-------------+-------------+-----------+---------+----------+---------+
| WareHouseId |  InvoiceNo  | ProductId | StockIn | StockOut | Balance |
+-------------+-------------+-----------+---------+----------+---------+
|           2 | 11218       |         2 |     100 |        0 |     100 |
|           2 | march18     |      1002 |      30 |        0 |      30 |
|           2 | SI-00001    |      1002 |       0 |       20 |      10 |
|           2 | SI-00002    |      1002 |       0 |        5 |       5 |
|           2 | july2018    |      1002 |     100 |        0 |     105 |
|           2 | july2018    |      1003 |      50 |        0 |      50 |
|        3009 | SI-18-03-1  |      1002 |       0 |       20 |     -20 |
|        3009 | ST-18-03-01 |      1003 |      50 |        0 |      50 |
|        3009 | 20180317    |      1003 |      50 |        0 |     100 |
|        3009 | 20180317    |      1010 |      30 |        0 |      30 |
|        3009 | 20180317    |      1012 |      25 |        0 |      25 |
+-------------+-------------+-----------+---------+----------+---------+
