    +---+---+---+---+---+---+
    | A | B | C | D | E | F |
    +---+---+---+---+---+---+
    | 5 | 5 | 1 | 5 | 5 | 5 |
    | 4 | 4 | 2 | 4 | 5 |   |
    | 4 | 3 | 1 |   |   |   |       
    | 3 |   | 1 |   |   |   |       
    | 1 |   | 2 |   |   |   |       
    |   |   | 1 |   |   |   |
    +---+---+---+---+---+---+
  r |3.4|4.0|1.3|5.0|4.5|5.0|
  v |5.0|3.0|6.0|1.0|2.0|2.0|
  m |6.0|6.0|6.0|6.0|6.0|6.0|
    +---+---+---+---+---+---+
 WR |2.0|2.0|1.2|1.6|1.9|2.0|
    +---+---+---+---+---+---+
