CareID  | PlanID    | PerformanceStatus
1       | 1833      | 2
4       | 65        | 3
7       | 68        | 0
8       | 69        | 2
9       | 64        | 1
23      | 278       | 1
63      | 66        | 1
70      | 40        | 0
106     | 67        | 1
109     | 72        | 1
110     | 74        | 3
111     | 57        | 1
149     | 1640      | 1
199     | 110       | 1
205     | 73        | 1
209     | 109       | 3
222     | 104       | 4
228     | 136       | 3
304     | 4054      | 2
305     | 1507      | 2
