colortable: 0x000000 0xFFFFFF
000000000000000000000000000000000
000001111111111111111111111111110
000001111111111111111111111111110
000001111111111111111111111111110
000001111111111111111111111111110
011111111111111111111111111111110
011111111111111111111111111111110
011111111111111111111111111111110
011111111111111111111111111111110
011111111111111111111111111111110
011111111111111111111111111111110
011111111111111111111111111111110
011111111111111111111111111111110
011111111111111111111111111111110
011111111111111111111111111111110
011111111111111111111111111111110
011111111111111111111111111110010
011111111111111111111111111110010
011111111111111111111111111111110
000000000000000000000000000000000
