// MyClass: Hello! -> Dobrý deň
static const uchar translations[] = {
  60, 184, 100,  24, 202, 239, 156, 149, 205,  33,  28, 191,  96, 161, 189, 221,
  66,   0,   0,   0,   8,   4, 236,  51,  17,   0,   0,   0,   0, 105,   0,   0,
   0,  52,   3,   0,   0,   0,  18,   0,  68,   0, 111,   0,  98,   0, 114,   0,
 253,   0,  32,   0, 100,   0, 101,   1,  72,   8,   0,   0,   0,   0,   6,   0,
   0,   0,   6,  72, 101, 108, 108, 111,  33,   7,   0,   0,   0,   7,  77, 121,
  67, 108,  97, 115, 115,   1,  47,   0,   0,   1,  58,   0, 151,   0,   0,   0,
   0,   0,   0,   0,   0,   0,   0,   0,   0,   0,   0,   0,   0,   0,   0,   0,
   0,   0,   0,   0,   0,   0,   0,   0,   0,   0,   0,   0,   0,   0,   0,   0,
   0,   0,   0,   0,   0,   0,   0,   0,   0,   0,   0,   0,   0,   0,   0,   0,
   0,   0,   0,   0,   0,   0,   0,   0,   0,   0,   0,   0,   0,   0,   0,   0,
   0,   0,   0,   0,   0,   0,   0,   0,   0,   0,   0,   0,   0,   0,   0,   0,
   0,   0,   0,   0,   0,   0,   0,   0,   0,   0,   0,   0,   0,   0,   0,   0,
   0,   0,   0,   0,   0,   0,   0,   0,   0,   0,   0,   0,   0,   0,   0,   0,
   0,   0,   0,   0,   0,   0,   0,   0,   0,   0,   0,   0,   0,   0,   0,   0,
   0,   0,   0,   0,   0,   0,   0,   0,   0,   0,   0,   0,   0,   0,   0,   0,
   0,   0,   0,   0,   0,   0,   0,   0,   0,   0,   0,   0,   0,   0,   0,   0,
   0,   0,   0,   0,   0,   0,   0,   0,   0,   0,   0,   0,   0,   0,   0,   0,
   0,   0,   0,   0,   0,   0,   0,   0,   0,   0,   0,   0,   0,   0,   0,   0,
   0,   0,   0,   0,   0,   0,   0,   0,   0,   0,   0,   0,   0,   0,   0,   0,
   0,   0,   0,   0,   0,   0,   0,   0,   0,   0,   0,   0,   0,   0,   0,   0,
   0,   0,   0,   0,   0,   0,   0,   0,   0,   0,   0,   0,   0,   0,   0,   0,
   0,   0,   0,   0,   0,   0,   0,   0,   0,   0,   0,   0,   0,   0,   0,   0,
   0,   0,   0,   0,   0,   0,   1,   0,   0,   0,   0,   0,   0,   0,   0,   0,
   0,   0,   0,   0,   0,   0,   0,   0,   0,   0,   0,   0,   0,   0,   0,   0,
   0,   0,   0,   0,   0,   0,   0,   0,   0,   0,   0,   0,   0,   7,  77, 121,
  67, 108,  97, 115, 115, 136,   0,   0,   0,   6,   1,   1, 255,   4,   2,   4,
};
