from itertools import zip_longest

num_lists = [[0, 0, 0, 0, 0, 3, 3, 3],
             [0, 0, 0, 0, 2, 0, 0, 0, 2],
             [0, 0, 0, 1, 0, 0, 0, 0, 0, 1],
             [0, 0, 0, 0, 0, 0, 0, 0, 0, 0, 0, 0, 0, 0, 0, 0, 0, 0, 0, 0, 0],
             [0, 0, 0, 0, 0, 0, 0, 0, 0, 0, 0, -1, 0, 0, 0, 0, 0, -1],
             [0, 0, 0, 0, 0, 0, 0, 0, 0, 0, 0, 0, -2, 0, 0, 0, -2],
             [0, 0, 0, 0, 0, 0, 0, 0, 0, 0, 0, 0, 0, -3, -3, -3]]

result = [sum(lst) for lst in zip_longest(*num_lists, fillvalue=0)]

print(result)

[0, 0, 0, 1, 2, 3, 3, 3, 2, 1, 0, -1, -2, -3, -3, -3, -2, -1, 0, 0, 0]
>>> 
