d = {
'Mot': [5250, 1085, 1085, 0, 0, 0, 0, 0, 0, 0, 0, 0, 0],
'Dek': [0, 0, 0, 105, 0, 0, 0, 0, 0, 0, 0, 0, 0],
'Nas': [0, 0, 0, 0, 0, 0, 0, 0, 0, 0, 0, 0, 0],
'Ost': [0, 0, 0, 0, 0, 0, 0, 0, 0, 0, 0, 0, 0],
'Suk': [0, 0, 0, 0, 0, 0, 0, 3156, 1320, 450, 0, 0, 0],
'Tas': [0, 0, 0, 0, 0, 0, 0, 0, 0, 0, 250, 0, 0],
'Sat': [0, 0, 0, 0, 0, 0, 0, 0, 0, 0, 0, 6551, 5000]
}

dz = [[5250, 1085, 1085, 0, 0, 0, 0, 0, 0, 0, 0, 0, 0],[0, 0, 0, 105, 0, 0, 0, 0, 0, 0, 0, 0, 0]]

keys = [key for elem in dz for key, value in d.items() if elem==value]
print(keys)
