cols = ['songID', 'time']
d = df.drop(['songID', 'time'], 1)
df[cols].join(
    pd.concat(
        [d.shift(-i).add_suffix(f'+{i}') for i in range(4)],
        axis=1
    )
)

           songID  time     A_t+0    A#_t+0     A_t+1    A#_t+1     A_t+2    A#_t+2     A_t+3    A#_t+3
0   CrossEra-0850   0.0  0.000000  0.000000  0.000000  0.000000  0.000000  0.000000  0.316210  0.760299
1   CrossEra-0850   0.1  0.000000  0.000000  0.000000  0.000000  0.316210  0.760299  0.000000  0.001075
2   CrossEra-0850   0.2  0.000000  0.000000  0.316210  0.760299  0.000000  0.001075  0.000000  0.142832
3   CrossEra-0850   0.3  0.316210  0.760299  0.000000  0.001075  0.000000  0.142832  0.850646  0.124816
4   CrossEra-0850   0.4  0.000000  0.001075  0.000000  0.142832  0.850646  0.124816  0.000000  0.212064
5   CrossEra-0850   0.5  0.000000  0.142832  0.850646  0.124816  0.000000  0.212064  0.079621  0.282274
6   CrossEra-0850   0.6  0.850646  0.124816  0.000000  0.212064  0.079621  0.282274  2.551440  0.169434
7   CrossEra-0850   0.7  0.000000  0.212064  0.079621  0.282274  2.551440  0.169434  3.458170  0.080146
8   CrossEra-0850   0.8  0.079621  0.282274  2.551440  0.169434  3.458170  0.080146  3.106140  0.030420
9   CrossEra-0850   0.9  2.551440  0.169434  3.458170  0.080146  3.106140  0.030420       NaN       NaN
10  CrossEra-0850   1.0  3.458170  0.080146  3.106140  0.030420       NaN       NaN       NaN       NaN
11  CrossEra-0850   1.1  3.106140  0.030420       NaN       NaN       NaN       NaN       NaN       NaN
