idx = [500, 2000, 2500, 4200, 7567]
N = 3
fin = [i for x in idx for i in range(x-N, x + N + 1) if i in range(len(df))]
print (fin)
[497, 498, 499, 500, 501, 502, 503, 1997, 1998, 1999, 2000, 2001, 2002, 2003, 
 2497, 2498, 2499, 2500, 2501, 2502, 2503, 4197, 4198, 4199, 4200, 4201, 4202, 
 4203, 7564, 7565, 7566, 7567, 7568, 7569, 7570]

df = df.loc[np.unique(fin)]
print (df.head(10))
             A         B         C         D
497  -0.427715 -0.594448 -0.601282  0.470405
498  -1.822557  0.174358  1.278744  0.600856
499   0.288681 -0.843391  1.085665 -0.688055
500   0.105091  1.205726 -1.983058  0.167988
501   0.672003 -1.203700  0.499095  1.158318
502   0.536697 -0.383856  0.873004 -1.290925
503   1.554669 -0.782812  0.900755 -0.328286
1997 -0.187344 -1.100535 -1.791559 -0.588603
1998 -1.525571 -0.316076  1.276415 -0.297315
1999  0.498313 -0.094936 -0.598474  0.045281
