>>> arr = 3 - np.maximum.outer(*2*(np.abs(np.arange(-3, 4)),))
>>> arr
array([[0, 0, 0, 0, 0, 0, 0],
       [0, 1, 1, 1, 1, 1, 0],
       [0, 1, 2, 2, 2, 1, 0],
       [0, 1, 2, 3, 2, 1, 0],
       [0, 1, 2, 2, 2, 1, 0],
       [0, 1, 1, 1, 1, 1, 0],
       [0, 0, 0, 0, 0, 0, 0]])
>>> 
>>> translate_vectorized(arr, -2)
array([[255, 255, 255, 255, 255, 255, 255],
       [255, 255, 255, 255, 255, 255, 255],
       [  0,   0,   0,   0,   0,   0,   0],
       [  0,   1,   1,   1,   1,   1,   0],
       [  0,   1,   2,   2,   2,   1,   0],
       [  0,   1,   2,   3,   2,   1,   0],
       [  0,   1,   2,   2,   2,   1,   0]])
>>> translate_vectorized(arr, 1)
array([[  0,   1,   1,   1,   1,   1,   0],
       [  0,   1,   2,   2,   2,   1,   0],
       [  0,   1,   2,   3,   2,   1,   0],
       [  0,   1,   2,   2,   2,   1,   0],
       [  0,   1,   1,   1,   1,   1,   0],
       [  0,   0,   0,   0,   0,   0,   0],
       [255, 255, 255, 255, 255, 255, 255]])
