Platform name: NVIDIA CUDA
RES
 [[ 72986.0390625   28263.28125     23286.80664062  21662.8203125
   38600.4453125   56755.12109375  13160.14648438  77571.3046875 ]
 [     0.          21457.24609375  25730.015625    83697.6171875
   33790.8203125   67593.1328125    6248.02148438 -13557.51855469]
 [     0.          23594.1875     -10326.51855469  66544.15625
  -24266.70507812  -5718.11376953  76904.875       23694.08984375]
 [     0.          23392.27734375  82200.609375    74443.2421875
   83087.4765625   63177.58984375  50563.83984375  31685.51953125]
 [     0.           2005.14135742   4741.21533203   6905.48291016
  -15929.70019531 -28064.78710938  10786.97265625 -12347.80371094]
 [     0.          62289.42578125  72695.1875      -9519.17871094
   42706.625       -6567.93164062  62263.578125    55469.78515625]
 [     0.          40805.6171875   26905.51367188  77325.453125
   -8362.55078125   4206.67138672  78279.015625    28778.39453125]
 [     0.          31332.40625     78166.015625    36025.94921875
  -18576.62109375    372.44696045  -1757.84912109 -43466.66015625]]
[[ 1000000.  1000000.  1000000.  1000000.  1000000.  1000000.  1000000.
   1000000.]
 [ 1000000.  1000000.  1000000.  1000000.  1000000.  1000000.  1000000.
   1000000.]
 [ 1000000.  1000000.  1000000.  1000000.  1000000.  1000000.  1000000.
   1000000.]
 [ 1000000.  1000000.  1000000.  1000000.  1000000.  1000000.  1000000.
   1000000.]
 [ 1000000.  1000000.  1000000.  1000000.  1000000.  1000000.  1000000.
   1000000.]
 [ 1000000.  1000000.  1000000.  1000000.  1000000.  1000000.  1000000.
   1000000.]
 [ 1000000.  1000000.  1000000.  1000000.  1000000.  1000000.  1000000.
   1000000.]
 [ 1000000.  1000000.  1000000.  1000000.  1000000.  1000000.  1000000.
   1000000.]]
