df = pd.read_html(url, header=0)[0]
print (df.head())
  Country / territory     1950     1955     1960     1965     1970     1975  \
0               World  2517478  2749365  3007751  3309934  3667801  4045192   
1         Afghanistan     7752     8270     8995     9935    11121    12583   
2             Albania     1263     1420     1636     1896     2151     2411   
3             Algeria     8872     9830    11125    12627    14550    16709   
4      American Samoa       19       20       20       24       27       30   

      1980     1985     1990     1995     2000     2005     2010     2015  
0  4421695  4833180  5289294  5713824  6104538  6496776  6906374  7325929  
1    13211    11630    12068    16773    19702    24400    27962    32527  
2     2681     2967     3281     3107     3122     3082     2902     2897  
3    19338    22566    25912    28904    31184    33268    36036    39667  
4       32       39       47       53       58       59       56       56  
