import random
a = np.arange(100)
np.random.shuffle(a)
ind = sorted(random.sample(range(len(a)),k=np.random.randint(low=1,high=10)))
np.split(a,ind)



  [array([41, 19, 85, 51, 34]),
 array([71, 27]),
 array([36, 16, 18, 74, 43, 96, 45, 97, 54, 75, 89, 48, 33, 32, 63, 98,  5,
        80, 30, 17, 86, 14, 67]),
 array([ 9, 70, 84, 99, 39]),
 array([59, 20, 78, 61, 49, 37, 93]),
 array([ 1, 79, 81, 69, 40, 42, 29,  8,  3, 68, 87, 66,  4, 21, 91, 92, 31]),
 array([83, 15, 56,  2, 64, 95, 12,  0, 90, 77, 57, 60, 38, 76, 94, 22, 24,
         6, 46, 65, 50, 62, 28, 44, 73, 13, 26, 72,  7, 53, 82, 47, 58, 35,
        52, 25, 88, 11, 10, 55, 23])]
