[array([67, 79, 17, 62, 12, 37, 70, 24]),
 array([98, 48, 88, 59, 47]),
 array([52, 60, 89, 23, 43, 44]),
 array([ 7, 27, 33, 74, 49,  2]),
 array([ 6, 51, 40, 13, 56, 45]),
 array([31,  3, 55, 10, 11, 46,  9, 42, 34]),
 array([53, 22, 95, 41, 19, 32,  4, 69, 86]),
 array([93, 68, 57, 65, 92, 76, 28, 63, 64, 58]),
 array([91, 66, 18, 99, 21]),
 array([36, 83, 15, 78,  1, 81, 97, 84]),
 array([61, 71, 25, 94, 87, 20, 85, 38]),
 array([ 8, 96, 75, 30, 77, 14, 72, 29]),
 array([35, 90, 82, 73, 39,  5, 26, 50, 16]),
 array([80, 54])]
