pd.concat((timestamp, dataSun, dataData), axis=1, join='inner')

       timestamp        sunrise         sunset  temperature     pressure  \    
0  1521681600000  1521696105000  1521740761000     2.490000  1018.000000   
1  1521681900000  1521696105000  1521740761000     2.408333  1017.833333   
2  1521682200000  1521696105000  1521740761000     2.326667  1017.666667   
3  1521682500000  1521696105000  1521740761000     2.245000  1017.500000   
4  1521682800000  1521696105000  1521740761000     2.163333  1017.333333   

   humidity  
0      99.0  
1      99.0  
2      99.0  
3      99.0  
4      99.0 
