print (res)        
                 ne        be         q        ev
1000       0.001237  0.006362  0.004982  0.013914
10000      0.001381  0.007338  0.007845  0.016443
100000     0.004595  0.015284  0.010567  0.021470
1000000    0.035231  0.067988  0.064078  0.109424
10000000   0.319602  0.680511  0.672636  0.994071
100000000  3.326664  7.497875  6.875813  9.689107

print (res.div(res.min(1), 0))
            ne        be         q         ev
1000       1.0  5.142629  4.026803  11.246969
10000      1.0  5.313894  5.681532  11.908233
100000     1.0  3.326003  2.299631   4.672107
1000000    1.0  1.929802  1.818797   3.105918
10000000   1.0  2.129244  2.104605   3.110337
100000000  1.0  2.253872  2.066879   2.912559

res.plot(loglog=True)
