+----------+------+--------+----+--------+--------+---------+
|Date      |column|column_2|co_3|column_4|column_5|inc_count|
+----------+------+--------+----+--------+--------+---------+
|2016-12-14|0     |0       |0   |14      |0       |1        |
|2016-12-14|0     |0       |0   |14      |0       |2        |
|2016-12-14|0     |0       |0   |18      |0       |3        |
|2016-12-14|0     |0       |0   |19      |0       |4        |
|2016-12-14|0     |0       |0   |20      |0       |5        |
|2016-12-14|0     |0       |0   |26      |0       |6        |
|2016-12-14|0     |0       |0   |60      |0       |7        |
|2016-12-14|0     |0       |0   |63      |0       |8        |
|2016-12-14|0     |0       |0   |78      |0       |9        |
|2016-12-14|0     |0       |0   |90      |0       |10       |
+----------+------+--------+----+--------+--------+---------+
