print(df)

     A    B  Cum(A)  Cum(B)  DD(A)  D(B)  Duration(A)  Duration(B)
0  3.5  2.2     3.5     2.2    0.0   0.0            0            0
1 -2.1  1.8     1.4     4.0   -2.1   0.0            1            0
2  0.7  0.7     2.1     4.7   -1.4   0.0            2            0
3 -1.1 -1.8     1.0     2.9   -2.5  -1.8            3            1
4  2.4  3.2     3.4     6.1   -0.1   0.0            4            0
5  1.3 -1.8     4.7     4.3    0.0  -1.8            0            1
6 -0.5 -0.9     4.2     3.4   -0.5  -2.7            1            2
7  0.8 -0.7     5.0     2.7    0.0  -3.4            0            3
8 -0.2  1.8     4.8     4.5   -0.2  -1.6            1            4
