   A_X  A_Y  B_X  B_Y  C_X  C_Y  D_X  D_Y  E_X  E_Y Events  Frame     X     Y
0   95   53   59   32   97   71   35   15   80   78    nan      1   NaN   NaN
1   94   63   37   92   87   90   97   25   62   14      A      2  94.0  63.0
2   69   83   49   10   59   59   18   98   13   70    nan      3   NaN   NaN
3   82   67   91   61   73   90   39   84    7   42      C      4  73.0  90.0
4   59   88   17   65   93   65   63   89   70   49      D      5  63.0  89.0
5   11   79   41   61   75   46   28  101   18   38      A      6  11.0  79.0
6   70   80  103   53   97   42   51  100   82   80    nan      7   NaN   NaN
7    5   18   62   92   85   22   10   40   64   67    nan      8   NaN   NaN
8   75   91   75   44    7   69   81  102   78   41      C      9   7.0  69.0
9   37   20   54   53   44   51   20   27    7   86      C     10  44.0  51.0
