In [283]: A1=A.copy()
In [284]: for i,j,v in zip(A1.indptr[:-1],A1.indptr[1:],np.arange(1,11)):
     ...:     A1.data[i:j] *= v
     ...:     
In [285]: A1.A
Out[285]: 
array([[  0,   0,  12,   0,   0,   0,   0,   0,   0,   0],
       [  0,   6,   0,   0,   0,   0,   0,   0,   0,   0],
       [  1,   0,   0,   0,   0,  60,   0,   0, 144, 180],
       [  0,   0,   0,   0,   0,  66,  98,   0,   0,   0],
       [  0,   0,   0,   0,   0,   0,   0,   0,   0,   0],
       [  0,   0,   0,   0,  40,   0,   0,   0,   0,   0],
       [  0,   0,   0,   0,  45,  72,   0,   0, 153,   0],
       [  2,   0,   0,   0,   0,  78,   0,   0,   0,   0],
       [  0,   0,  15,  28,   0,   0,   0, 120,   0, 190],
       [  0,   0,  18,   0,   0,   0,   0,   0,   0, 200]])
