(-130.0, 32.0, 50.0): 1.4007619491996286
(-129.0, 35.0, 100.0): 2.869484362944637
(-128.0, 30.0, 50.0): 0.5105778342561542
(-128.0, 31.0, 50.0): 0.2604120026103076
(-128.0, 41.0, 50.0): 0.5447820061640247
(-127.0, 30.0, 50.0): 1.435518900529197
(-127.0, 39.0, 200.0): 0.36980382180532445
(-126.0, 38.0, 100.0): 0.6952470284057215
(-126.0, 44.0, 150.0): 0.88920810146383
(-124.0, 42.0, 100.0): 0.9449128133812461
(-122.0, 30.0, 200.0): 0.30651791530296635
(-122.0, 36.0, 150.0): 0.5643786814460445
(-120.0, 30.0, 150.0): 0.9034449865962983
(-118.0, 33.0, 50.0): 0.5816494204899461
(-118.0, 35.0, 0.0): 0.21390047166942527
(-118.0, 43.0, 0.0): 0.13808340506585792
(-118.0, 44.0, 0.0): 1.096951129589884
(-117.0, 38.0, 200.0): 0.41514759209450275
(-116.0, 43.0, 50.0): 0.8969605264933811
