[(1, "a", (0, 0), 100); (1, "a", (0, 0), 200); (1, "a", (1, 1), 100);
 (1, "a", (1, 1), 200); (1, "b", (0, 0), 100); (1, "b", (0, 0), 200);
 (1, "b", (1, 1), 100); (1, "b", (1, 1), 200); (2, "a", (0, 0), 100);
 (2, "a", (0, 0), 200); (2, "a", (1, 1), 100); (2, "a", (1, 1), 200);
 (2, "b", (0, 0), 100); (2, "b", (0, 0), 200); (2, "b", (1, 1), 100);
 (2, "b", (1, 1), 200); (3, "a", (0, 0), 100); (3, "a", (0, 0), 200);
 (3, "a", (1, 1), 100); (3, "a", (1, 1), 200); (3, "b", (0, 0), 100);
 (3, "b", (0, 0), 200); (3, "b", (1, 1), 100); (3, "b", (1, 1), 200);
 (4, "a", (0, 0), 100); (4, "a", (0, 0), 200); (4, "a", (1, 1), 100);
 (4, "a", (1, 1), 200); (4, "b", (0, 0), 100); (4, "b", (0, 0), 200);
 (4, "b", (1, 1), 100); (4, "b", (1, 1), 200); (5, "a", (0, 0), 100);
 (5, "a", (0, 0), 200); (5, "a", (1, 1), 100); (5, "a", (1, 1), 200);
 (5, "b", (0, 0), 100); (5, "b", (0, 0), 200); (5, "b", (1, 1), 100);
 (5, "b", (1, 1), 200)]
