                            Chrome                        Edge
Chars   Pattern             Ops/Sec     Scaled            Op/Sec    Scaled
------------------------------------------------------------------------
5,000   /[\W_]+/g            19,977.80  99,889,000       10,820.40  54,102,000
5,000   /[^a-z0-9]+/gi       19,901.60  99,508,000       10,902.00  54,510,000
5,000   /[^a-zA-Z0-9]+/g     19,559.40  97,797,000       10,916.80  54,584,000
------------------------------------------------------------------------

1,000   /[\W_]+/g            96,239.00  96,239,000       52,358.80  52,358,800
1,000   /[^a-z0-9]+/gi       97,584.40  97,584,400       52,105.00  52,105,000
1,000   /[^a-zA-Z0-9]+/g     96,965.80  96,965,800       51,864.60  51,864,600
------------------------------------------------------------------------

  200   /[\W_]+/g           480,318.60  96,063,720      261,030.40  52,206,080
  200   /[^a-z0-9]+/gi      476,177.80  95,235,560      261,751.60  52,350,320
  200   /[^a-zA-Z0-9]+/g    486,423.00  97,284,600      258,774.20  51,754,840
