                var fields = [[2,2,2,2,2,7,7,7,7,7,7,7,7,7,7,7,0],
                [7,1,2,2,7,7,7,7,7,7,7,7,7,3,5,7,0],
                [7,7,7,7,7,7,7,1,7,7,7,7,7,7,7,7,0],
                [7,7,7,7,7,7,7,7,7,7,7,7,7,7,0,0,0],
                [7,7,3,7,7,7,7,7,0,7,7,7,4,7,0,0,0],
                [0,0,0,0,0,7,7,7,0,0,7,7,7,7,7,0,0],
                [2,2,2,0,0,7,7,7,0,0,0,7,7,2,2,2,2],
                [2,1,2,2,0,7,7,7,7,7,0,2,2,2,2,0,0],
                [7,7,2,2,0,0,7,7,11,7,0,0,0,0,0,0,0], // this row i want change the 11
                [7,7,7,2,0,7,7,7,7,7,7,7,2,2,0,0,0],
                [7,7,7,7,7,7,7,7,7,7,7,7,7,2,2,2,2],
                [0,0,7,7,7,7,7,7,7,7,7,7,7,2,2,2,2],
                [0,0,0,7,7,0,7,7,7,7,3,7,7,2,2,2,2],
                [2,7,0,0,0,0,7,0,7,7,7,7,7,1,2,2,2],
                [2,1,7,7,7,0,0,0,7,7,7,7,2,2,2,0,0],
                [2,2,2,2,7,0,7,7,7,7,7,2,2,0,0,0,0],
                [2,2,2,2,2,2,7,7,7,7,7,2,0,0,0,0,0]];

                $.each(fields,function(k,v){
                  //console.log(fields[k]);
                  $.each(v,function(i,j){
                    //console.log(j);
                    numberToReplace = 11;
                    if (j==numberToReplace){
                         v[i]=15;//<--New value 15
                        }
                        });
                     });
                console.log(fields);
