Test for ""HelloWorld""
7210110810811187111114108100
0018014111117811180180110127
( 72)(101)(108)( 10)( 81)( 11)( 87)( 11)( 11)( 14)(108)(100)
( 72)(101)(108)( 10)( 81)( 11)( 87)(111)(114)(108)(100)
( 72)(101)(108)( 10)( 81)(118)( 71)( 11)(114)(108)(100)
( 72)(101)(108)( 10)( 81)(118)( 71)(111)( 14)(108)(100)
( 72)(101)(108)(108)( 11)( 18)( 71)( 11)(114)(108)(100)
( 72)(101)(108)(108)( 11)( 18)( 71)(111)( 14)(108)(100)
( 72)(101)(108)(108)(111)( 87)( 11)( 11)( 14)(108)(100)
( 72)(101)(108)(108)(111)( 87)(111)(114)(108)(100)
Number of encodings: 8

Test for ""Mulliganaceous""
77117108108105103971109799101111117115
51171111110199790117930150180180171177
( 77)(117)(108)(108)(105)( 10)( 39)( 71)( 10)( 97)( 99)( 10)( 11)( 11)( 11)( 71)( 15)
( 77)(117)(108)(108)(105)( 10)( 39)( 71)( 10)( 97)( 99)( 10)( 11)( 11)(117)(115)
( 77)(117)(108)(108)(105)( 10)( 39)( 71)( 10)( 97)( 99)( 10)( 11)(111)( 17)(115)
( 77)(117)(108)(108)(105)( 10)( 39)( 71)( 10)( 97)( 99)( 10)(111)( 11)( 17)(115)
( 77)(117)(108)(108)(105)( 10)( 39)( 71)( 10)( 97)( 99)( 10)(111)(111)( 71)( 15)
( 77)(117)(108)(108)(105)( 10)( 39)( 71)( 10)( 97)( 99)(101)( 11)( 11)( 17)(115)
( 77)(117)(108)(108)(105)( 10)( 39)( 71)( 10)( 97)( 99)(101)( 11)(111)( 71)( 15)
( 77)(117)(108)(108)(105)( 10)( 39)( 71)( 10)( 97)( 99)(101)(111)( 11)( 71)( 15)
( 77)(117)(108)(108)(105)( 10)( 39)( 71)( 10)( 97)( 99)(101)(111)(117)(115)
( 77)(117)(108)(108)(105)(103)( 97)(110)( 97)( 99)( 10)( 11)( 11)( 11)( 71)( 15)
( 77)(117)(108)(108)(105)(103)( 97)(110)( 97)( 99)( 10)( 11)( 11)(117)(115)
( 77)(117)(108)(108)(105)(103)( 97)(110)( 97)( 99)( 10)( 11)(111)( 17)(115)
( 77)(117)(108)(108)(105)(103)( 97)(110)( 97)( 99)( 10)(111)( 11)( 17)(115)
( 77)(117)(108)(108)(105)(103)( 97)(110)( 97)( 99)( 10)(111)(111)( 71)( 15)
( 77)(117)(108)(108)(105)(103)( 97)(110)( 97)( 99)(101)( 11)( 11)( 17)(115)
( 77)(117)(108)(108)(105)(103)( 97)(110)( 97)( 99)(101)( 11)(111)( 71)( 15)
( 77)(117)(108)(108)(105)(103)( 97)(110)( 97)( 99)(101)(111)( 11)( 71)( 15)
( 77)(117)(108)(108)(105)(103)( 97)(110)( 97)( 99)(101)(111)(117)(115)
Number of encodings: 18

Test for ""MULLIGANACEOUS""
7785767673716578656769798583
3858979676568756173767675877
( 77)( 85)( 76)( 76)( 73)( 71)( 65)( 78)( 65)( 67)( 69)( 79)( 85)( 83)
Number of encodings: 1
